0.0001056
0.00013629
0.00016528
0.00024405
0.0003304
0.00037885
0.00047177
0.00054721
0.00066766
0.00074032
0.00076492
0.00084903
0.0009742
0.00106065
0.00114546
0.00122731
0.00124577
0.00149448
0.00147019
0.00164149
0.00168356
0.00171029
0.00196764
0.00187752
0.00202811
0.00215223
0.00216642
0.00236965
0.00230305
0.00257634
0.00281051
0.00290936
0.00282061
0.00275532
0.00290721
0.00337004
0.00312967
0.00322736
0.00333587
0.00359889
0.00411117
0.00392768
0.00372882
0.00379037
0.00390471
0.00442064
0.00407409
0.00419909
0.00434758
0.00453404
0.00498523
0.00471823
0.00461454
0.00479709
0.00478443
0.00522513
0.00508317
0.00504271
0.00541757
0.00551899
0.00602504
0.00618315
0.00599108
0.0064519
0.00593234
0.00621202
0.00614533
0.00631339
0.00650418
0.00660532
0.00684386
0.00760358
0.00694335
0.00694868
0.00684771
0.00713239
0.00773512
0.00753423
0.00763191
0.00814545
0.00831155
0.00927356
0.00844499
0.0084071
0.0082504
0.00838831
0.00896012
0.00820799
0.00811658
0.00835613
0.00860755
0.00953591
0.00895029
0.00871777
0.00877284
0.00901305
0.0094153
0.00933429
0.00915895
0.00977891
