0.00157442
0.00169776
0.00231208
0.00318944
0.00416168
0.0047562
0.0059207
0.00659084
0.00741142
0.00820178
0.0095528
0.0106844
0.0107773
0.01214
0.012612
0.0137176
0.0134972
0.0157153
0.0161634
0.0163627
0.0185598
0.0192554
0.0193472
0.0199851
0.0206615
0.0219198
0.0238207
0.0248541
0.0236419
0.0257319
0.0278858
0.0281546
0.0287077
0.0301702
0.031821
0.0317896
0.0316195
0.0326817
0.0321191
0.0382835
0.0381019
0.0377265
0.0378635
0.0393591
0.0412148
0.0400622
0.0433356
0.0413919
0.0435018
0.046421
0.0463368
0.045607
0.0469373
0.0493383
0.0509689
0.0542668
0.0552555
0.0548268
0.0539765
0.0551902
0.0546533
0.0561438
0.0582987
0.0616765
0.0556465
0.0610186
0.0602599
0.0617642
0.0595906
0.0630223
0.0644564
0.0629782
0.0632257
0.0707262
0.066951
0.0714527
0.0751659
0.0715409
0.0698437
0.0700951
0.0751297
0.077209
0.0772402
0.0777605
0.0801186
0.0800926
0.078177
0.0875893
0.0884302
0.0903538
0.0880358
0.088604
0.0942931
0.094859
0.0820953
0.0859501
0.091614
0.104158
0.0964768
