5.2e-05
0.000185
0.000524
0.001039
0.00173
0.002367
0.00316
0.004314
0.004468
0.005548
0.006059
0.00673
0.007448
0.008459
0.008818
0.009629
0.010419
0.011266
0.012187
0.009408
0.007604
0.008344
0.008863
0.010101
0.010494
0.011378
0.01235
0.013188
0.014298
0.015121
0.016155
0.017353
0.018346
0.019468
0.020428
0.021858
0.023279
0.024372
0.025506
0.02707
0.028291
0.030069
0.031032
0.032621
0.033978
0.035614
0.037656
0.038887
0.040312
0.042097
0.044055
0.045935
0.047199
0.048943
0.050885
0.052995
0.05496
0.056439
0.05832
0.060953
0.062517
0.064968
0.066863
0.069055
0.071953
0.07298
0.07531
0.077807
0.07952
0.082699
0.085139
0.088377
0.089916
0.091801
0.09492
0.096712
0.099285
0.102366
0.104398
0.107529
0.110812
0.113084
0.116254
0.118556
0.120997
0.123655
0.126424
0.131015
0.132931
0.135554
0.138391
0.141854
0.145584
0.148084
0.150841
0.154793
0.157113
0.161348
0.163706
0.167863
0.171049
0.174836
0.178715
0.182126
0.184256
0.188184
0.191677
0.196202
0.198744
0.201928
0.206078
0.210436
0.21396
0.218298
0.220968
0.225521
0.229212
0.232961
0.238484
0.24129
0.246245
0.249087
0.253387
0.258985
0.261369
0.265394
0.269077
0.274092
0.285826
0.282532
0.285816
0.291651
0.295498
0.302065
0.304679
0.30964
0.312989
0.31803
0.324535
0.327896
0.335778
0.339466
0.341555
0.348744
0.352907
0.356734
0.360477
0.372997
0.37113
0.376687
0.381764
0.387154
0.391512
0.400232
0.402967
0.408494
0.411392
0.417232
0.422163
0.429449
0.43274
0.439546
0.443131
0.450885
0.456325
0.460913
0.465313
0.471901
0.477318
0.483935
0.487535
0.49387
0.498869
0.50542
0.513331
0.518665
0.528893
0.533154
0.534237
0.542945
0.546427
0.552605
0.557749
0.567143
0.572598
0.580055
0.582277
0.589599
0.594996
0.603052
0.608426
0.616381
0.622242
0.628234
0.634791
0.643189
0.646967
0.653925
0.659712
0.669213
