3.3e-05
0.000397
0.001515
0.003367
0.004756
0.006579
0.007487
0.007912
0.00969
0.011468
0.013727
0.015458
0.017254
0.014422
0.015398
0.018022
0.020188
0.022777
0.02594
0.028356
0.031495
0.034752
0.038279
0.041531
0.045409
0.04911
0.053037
0.057127
0.061577
0.066097
0.070722
0.075602
0.080624
0.085312
0.090822
0.096445
0.102183
0.107983
0.113536
0.119272
0.125768
0.132616
0.138163
0.14585
0.152668
0.158739
0.165822
0.172939
0.18068
0.188409
0.197239
0.208346
0.211339
0.220696
0.22912
0.236126
0.245927
0.255548
0.264569
0.276822
0.280934
0.291093
0.301845
0.310737
0.325303
0.336985
0.345931
0.355646
0.369537
0.375752
0.386687
0.397462
0.408104
0.421132
0.431991
0.44318
0.451419
0.464248
0.474804
0.489763
0.503713
0.520688
0.531481
0.545588
0.554008
0.567487
0.578642
0.594829
0.63145
0.618654
0.634958
0.647844
0.686479
0.682132
0.694542
0.708375
0.722192
0.740082
0.756187
0.770476
0.786081
0.797355
0.812192
0.828169
0.84431
0.859701
0.878065
0.894201
0.910231
0.93181
0.950079
0.962743
0.985363
0.998038
1.01389
1.03202
1.05045
1.06755
1.09017
1.10763
1.12731
1.15133
1.1964
1.23433
1.25892
1.26339
1.2859
1.31506
1.33325
1.35593
1.35581
1.36661
1.40049
1.40542
1.42165
1.46197
1.47435
1.50085
1.56813
1.53023
1.55375
1.57992
1.57425
1.60836
1.6349
1.66797
1.71133
1.70368
1.74651
1.76114
1.79205
1.79934
1.82296
1.86633
1.89355
1.9115
1.91466
1.95942
1.97934
1.99459
1.99607
2.0515
2.03707
2.06045
2.08852
2.11119
2.13477
2.15934
2.19677
2.21389
2.24906
2.26563
2.3115
2.32698
2.35095
2.38375
2.39863
2.42503
2.4593
2.55603
2.52436
2.53765
2.56395
2.59375
2.62777
2.65694
2.68095
2.75559
2.7406
2.77299
2.80914
2.82744
2.86442
2.89055
2.92056
2.95357
2.97393
3.00445
3.05273
3.07831
